50 
50 
1 0 
2 0 
3 0 
4 1 1 
5 1 1 
6 1 1 
7 4 1 2 3 5 
8 2 1 2 
9 1 1 
10 2 1 4 
11 2 1 3 
12 4 1 4 5 6 
13 6 1 2 5 6 7 8 
14 0 
15 6 1 3 4 6 7 8 
16 4 1 3 4 5 
17 8 1 3 4 7 8 9 12 13 
18 1 1 
19 2 1 2 
20 6 1 2 3 4 7 8 
21 3 1 3 5 
22 12 16 17 2 5 6 7 9 11 12 13 14 15 
23 2 1 2 
24 7 1 2 4 5 6 7 8 
25 10 1 2 4 6 7 9 11 12 14 15 
26 8 1 2 3 5 6 7 8 10 
27 19 1 2 3 5 6 7 9 11 13 14 15 16 17 18 19 20 21 22 25 
28 1 1 
29 7 1 4 7 8 10 11 12 
30 14 1 2 3 4 5 8 9 10 12 13 14 16 17 20 
31 17 1 3 4 5 6 9 10 12 13 14 17 18 19 21 25 26 28 
32 3 1 2 3 
33 3 1 3 5 
34 16 1 2 3 4 5 6 7 9 11 13 14 15 16 17 19 22 
35 12 17 1 2 4 5 6 7 8 10 12 13 14 
36 6 1 3 6 8 9 13 
37 12 16 1 18 19 3 20 5 6 7 11 14 15 
38 13 1 2 4 5 6 7 8 9 12 14 15 16 17 
39 0 
40 20 1 4 5 8 10 11 12 13 15 16 18 19 20 21 22 25 28 29 30 31 
41 25 1 2 3 4 7 8 10 11 13 14 15 18 20 21 22 24 25 26 27 28 32 33 34 35 36 
42 7 1 3 4 5 6 9 10 
43 13 2 3 4 6 8 9 10 12 15 16 17 18 20 
44 28 1 2 4 5 6 9 11 12 13 14 15 16 19 21 22 23 24 26 27 29 30 31 32 33 34 36 37 39 
45 4 1 2 4 6 
46 28 1 2 3 5 6 7 8 9 10 13 14 15 16 17 18 19 20 21 24 26 28 32 38 39 40 41 42 44 
47 21 1 4 5 6 7 9 12 13 14 15 16 17 18 19 20 23 25 26 27 28 29 
48 19 2 4 6 7 8 9 10 11 12 14 16 17 18 19 21 22 23 24 26 
49 16 1 2 4 6 9 10 11 14 16 17 18 19 21 22 24 25 
50 15 1 3 4 5 8 9 11 13 14 15 18 21 22 23 24 
